777777777777777777755577777777
777777777777777775555555777757
775777777777777755555555515577
775577777777777755555555555577
755537777777777555555555555753
755555777777777555555555555557
755555577777777555555555555577
775555553777777555555555555777
775555555527777555555555555777
775555555555555555555555555777
777555555555555555555555555777
755555555555555555555555555777
725555555555555555555555554777
775555555555555555555555557777
775555555555555555555555557777
777555555555555555555555557777
777755555555555555555555557777
777775555555555555555555577777
777755555555555555555555577777
777755555555555555555555777777
777745555555555555555555777777
777775555555555555555557777777
777777755555555555555537777777
777777777555555555555577777777
777777775555555555555777777777
777777555555555555557777777777
155555555555555555577777777777
775555555555555557777777777777
777755555555555777777777777777
777777735554777777777777779733
